Video ID,Playlist video creation timestamp
jNQXAC9IVRw,2024-02-20T08:00:00+00:00
M7lc1UVf-VE,2024-02-20T08:01:00+00:00
